for i in `seq 10000 10000 1000000`; do \
	for j in 1 2 4 8 16 32 64; do \
		for i in {1..10000}; do echo $RANDOM; \
				./sort $j $i; \
			done \
		done \
	done

0 0.000409
0 0.000475
0 0.000393
0 0.000710
0 0.000999
0 0.001624
0 0.002208
0 0.000174
0 0.000212
0 0.000257
0 0.004738
0 0.000709
0 0.001384
0 0.001842
0 0.000150
0 0.000162
0 0.000194
0 0.000336
0 0.000417
0 0.000779
0 0.001474
0 0.000118
0 0.000138
0 0.000185
0 0.000273
0 0.000423
0 0.000701
0 0.001711
0 0.000114
0 0.000120
0 0.000167
0 0.000277
0 0.000417
0 0.000788
0 0.001346
0 0.000132
0 0.000146
0 0.000188
0 0.000245
0 0.000411
0 0.000731
0 0.001402
0 0.000423
0 0.000185
0 0.000202
0 0.000285
0 0.000460
0 0.000780
0 0.001439
0 0.000115
0 0.000200
0 0.000207
0 0.000285
0 0.000437
0 0.000773
0 0.001356
0 0.000129
0 0.000152
0 0.000177
0 0.000295
0 0.000496
0 0.000803
0 0.001455
0 0.000128
0 0.000157
0 0.000192
0 0.000386
0 0.000473
0 0.000835
0 0.001651
0 0.000122
0 0.000119
0 0.000177
0 0.000258
0 0.000444
0 0.000786
0 0.001345
0 0.000119
0 0.000205
0 0.000238
0 0.000301
0 0.000530
0 0.000739
0 0.001502
0 0.000109
0 0.000197
0 0.000229
0 0.000358
0 0.000555
0 0.000948
0 0.001487
0 0.000109
0 0.000166
0 0.000239
0 0.000339
0 0.000942
0 0.000886
0 0.001472
0 0.000119
0 0.000152
0 0.000207
0 0.000296
0 0.000540
0 0.000911
0 0.001622
0 0.000146
0 0.000201
0 0.000243
0 0.000305
0 0.000470
0 0.001338
0 0.001423
0 0.000116
0 0.000138
0 0.000195
0 0.000266
0 0.000521
0 0.000764
0 0.001384
0 0.000123
0 0.000158
0 0.000184
0 0.000291
0 0.000498
0 0.001048
0 0.001457
0 0.000108
0 0.000216
0 0.002786
0 0.000291
0 0.000472
0 0.000782
0 0.001418
0 0.000113
0 0.000133
0 0.000170
0 0.000246
0 0.000426
0 0.000782
0 0.001364
0 0.000162
0 0.000157
0 0.000174
0 0.000278
0 0.000440
0 0.000733
0 0.002124
0 0.000133
0 0.000125
0 0.000155
0 0.000234
0 0.000386
0 0.000809
0 0.001331
0 0.000109
0 0.000122
0 0.000263
0 0.000252
0 0.000413
0 0.000785
0 0.001534
0 0.000142
0 0.000173
0 0.000228
0 0.000373
0 0.000565
0 0.000857
0 0.001397
0 0.000132
0 0.000142
0 0.000203
0 0.000295
0 0.000488
0 0.000903
0 0.001557
0 0.000112
0 0.000139
0 0.000164
0 0.000271
0 0.000711
0 0.000900
0 0.001510
0 0.000109
0 0.000151
0 0.000254
0 0.000341
0 0.000601
0 0.001508
0 0.001351
0 0.000117
0 0.000142
0 0.000179
0 0.000256
0 0.000403
0 0.000761
0 0.001481
0 0.000134
0 0.000155
0 0.000238
0 0.000349
0 0.003093
0 0.000827
0 0.002118
0 0.000113
0 0.000189
0 0.000237
0 0.000379
0 0.000570
0 0.000887
0 0.001408
0 0.000114
0 0.000174
0 0.000228
0 0.000378
0 0.000672
0 0.000890
0 0.001831
0 0.000129
0 0.000218
0 0.000253
0 0.000300
0 0.000550
0 0.000772
0 0.001362
0 0.000130
0 0.000141
0 0.000212
0 0.000283
0 0.000439
0 0.000794
0 0.001391
0 0.000115
0 0.000161
0 0.000167
0 0.000316
0 0.000585
0 0.001002
0 0.001361
0 0.000114
0 0.000125
0 0.000166
0 0.000267
0 0.000564
0 0.000807
0 0.001416
0 0.000117
0 0.000136
0 0.000158
0 0.000247
0 0.000415
0 0.001336
0 0.001358
0 0.000114
0 0.000130
0 0.000161
0 0.000267
0 0.000429
0 0.000791
0 0.001418
0 0.000114
0 0.000140
0 0.000170
0 0.000262
0 0.000442
0 0.000732
0 0.001285
0 0.000107
0 0.000138
0 0.000177
0 0.000258
0 0.000406
0 0.000744
0 0.001834
0 0.000113
0 0.000192
0 0.000244
0 0.000514
0 0.000559
0 0.001003
0 0.001430
0 0.000111
0 0.000182
0 0.000229
0 0.000309
0 0.000442
0 0.000746
0 0.001356
0 0.000125
0 0.000158
0 0.000186
0 0.000251
0 0.000478
0 0.000794
0 0.001433
0 0.000113
0 0.000132
0 0.000162
0 0.000270
0 0.000442
0 0.000795
0 0.001307
0 0.000115
0 0.000170
0 0.000209
0 0.000277
0 0.000436
0 0.001544
0 0.001380
0 0.000116
0 0.000129
0 0.000152
0 0.000294
0 0.000515
0 0.001030
0 0.002008
0 0.000133
0 0.000149
0 0.000208
0 0.000343
0 0.000504
0 0.000949
0 0.002158
0 0.000130
0 0.000238
0 0.000229
0 0.000322
0 0.000523
0 0.000966
0 0.001682
0 0.000146
0 0.000160
0 0.000178
0 0.000255
0 0.000387
0 0.000823
0 0.001443
0 0.000112
0 0.000206
0 0.000245
0 0.000393
0 0.000545
0 0.000841
0 0.001378
0 0.000119
0 0.000140
0 0.000188
0 0.000258
0 0.000446
0 0.000741
0 0.001462
0 0.000110
0 0.000181
0 0.000212
0 0.000377
0 0.000422
0 0.000777
0 0.001454
0 0.000128
0 0.000146
0 0.000246
0 0.000310
0 0.000527
0 0.000804
0 0.001701
0 0.000128
0 0.000130
0 0.000182
0 0.000282
0 0.000561
0 0.000991
0 0.002078
0 0.000110
0 0.000137
0 0.000177
0 0.000273
0 0.000465
0 0.000779
0 0.001411
0 0.000133
0 0.000160
0 0.000200
0 0.000244
0 0.000403
0 0.000711
0 0.001366
0 0.000115
0 0.000169
0 0.000226
0 0.000295
0 0.000431
0 0.000709
0 0.001777
0 0.000112
0 0.000129
0 0.000181
0 0.000264
0 0.000406
0 0.000758
0 0.001424
0 0.000114
0 0.000173
0 0.000160
0 0.000307
0 0.000575
0 0.000769
0 0.001660
0 0.000108
0 0.000133
0 0.000167
0 0.000266
0 0.000447
0 0.000772
0 0.001384
0 0.000109
0 0.000127
0 0.000165
0 0.000273
0 0.000410
0 0.000743
0 0.001967
0 0.000113
0 0.000136
0 0.000173
0 0.000287
0 0.000398
0 0.000696
0 0.003848
0 0.000117
0 0.000136
0 0.000184
0 0.000249
0 0.000403
0 0.000856
0 0.001437
0 0.000110
0 0.000128
0 0.000212
0 0.000266
0 0.000459
0 0.000804
0 0.001357
0 0.000122
0 0.000183
0 0.000243
0 0.000422
0 0.001284
0 0.000863
0 0.001423
0 0.000139
0 0.000157
0 0.000210
0 0.000332
0 0.000958
0 0.000891
0 0.001599
0 0.000151
0 0.000169
0 0.000231
0 0.000338
0 0.000597
0 0.000982
0 0.001620
0 0.000115
0 0.000198
0 0.000224
0 0.000385
0 0.000519
0 0.001060
0 0.001727
0 0.000159
0 0.000197
0 0.000234
0 0.000351
0 0.000602
0 0.000841
0 0.001446
0 0.000135
0 0.000194
0 0.000246
0 0.000340
0 0.000647
0 0.000799
0 0.002036
0 0.000134
0 0.000161
0 0.000219
0 0.000314
0 0.000634
0 0.000802
0 0.001560
0 0.000115
0 0.000189
0 0.000213
0 0.000321
0 0.000643
0 0.000901
0 0.001499
0 0.000110
0 0.000156
0 0.000231
0 0.000379
0 0.000617
0 0.000942
0 0.001757
0 0.000126
0 0.000182
0 0.000242
0 0.000481
0 0.000575
0 0.000999
0 0.001725
0 0.000109
0 0.000133
0 0.000175
0 0.000306
0 0.000431
0 0.000770
0 0.001697
0 0.000123
0 0.000205
0 0.000889
0 0.000363
0 0.000597
0 0.001066
0 0.002467
0 0.000123
0 0.000147
0 0.000165
0 0.000255
0 0.000432
0 0.000784
0 0.001532
0 0.000112
0 0.000127
0 0.000218
0 0.000384
0 0.000575
0 0.000976
0 0.001295
0 0.000110
0 0.000163
0 0.000252
0 0.000373
0 0.000575
0 0.000826
0 0.001346
0 0.000113
0 0.000179
0 0.000270
0 0.000294
0 0.000533
0 0.000850
0 0.001525
0 0.000120
0 0.000148
0 0.000171
0 0.000242
0 0.000416
0 0.000690
0 0.001511
0 0.000111
0 0.000113
0 0.000166
0 0.000280
0 0.000421
0 0.000691
0 0.001551
0 0.000112
0 0.000189
0 0.000216
0 0.000288
0 0.000474
0 0.000912
0 0.001503
0 0.000115
0 0.000215
0 0.000257
0 0.000370
0 0.000520
0 0.000793
0 0.001488
0 0.000127
0 0.000163
0 0.000186
0 0.000258
0 0.000428
0 0.000800
0 0.002012
0 0.000126
0 0.000148
0 0.000180
0 0.000290
0 0.000416
0 0.000770
0 0.001363
0 0.000114
0 0.000136
0 0.000167
0 0.000246
0 0.000409
0 0.000735
0 0.001359
0 0.000112
0 0.000132
0 0.000167
0 0.000254
0 0.000406
0 0.000739
0 0.001363
0 0.000107
0 0.000137
0 0.000165
0 0.000260
0 0.000731
0 0.000859
0 0.001320
0 0.000113
0 0.000136
0 0.000228
0 0.000331
0 0.000566
0 0.000917
0 0.001748
0 0.000119
0 0.000118
0 0.000187
0 0.000262
0 0.000395
0 0.000748
0 0.001526
0 0.000109
0 0.000121
0 0.000170
0 0.000243
0 0.000445
0 0.000727
0 0.001319
0 0.000126
0 0.000124
0 0.000166
0 0.000261
0 0.000438
0 0.000874
0 0.001411
0 0.000132
0 0.000140
0 0.000215
0 0.000325
0 0.000482
0 0.000769
0 0.001380
0 0.000126
0 0.000166
0 0.000323
0 0.000350
0 0.000565
0 0.001166
0 0.001591
0 0.000107
0 0.000186
0 0.000227
0 0.000346
0 0.000534
0 0.000834
0 0.001391
0 0.000109
0 0.000135
0 0.000268
0 0.000346
0 0.000572
0 0.000819
0 0.001551
0 0.000142
0 0.000168
0 0.000259
0 0.000385
0 0.000449
0 0.000919
0 0.001656
0 0.000109
0 0.000135
0 0.000179
0 0.000294
0 0.000403
0 0.000772
0 0.001590
0 0.000110
0 0.000138
0 0.000161
0 0.000264
0 0.000479
0 0.000749
0 0.001947
0 0.000116
0 0.000146
0 0.000176
0 0.000284
0 0.000466
0 0.001339
0 0.001950
